version https://git-lfs.github.com/spec/v1
oid sha256:9d17b6f1549e3360d848cc10a7f745c34f13661be92cdc975fe19235df322dec
size 174622161
